function station = data()

station.ids = 1:30;

station.capacity = [6 7 4 8 5 9 6 7 3 4 5 6 8 7 5 6 4 7 6 5 9 8 7 5 4 6 7 5 6 8];

station.occupied = [2 5 1 4 0 7 3 2 2 3 1 5 6 3 4 2 1 5 3 2 8 6 4 3 1 5 4 2 1 7];

station.location = [
    15.2 88.3;
    22.5 75.1;
    35.1 64.9;
    40.3 92.5;
    52.2 84.4;
    60.7 76.3;
    66.9 89.5;
    71.4 58.2;
    79.3 67.1;
    81.5 90.2;
    88.7 79.9;
    92.8 65.4;
    95.1 48.7;
    103.3 72.5;
    108.6 86.4;
    112.7 54.8;
    119.2 60.3;
    25.5 47.6;
    33.2 39.8;
    45.8 36.7;
    53.6 29.1;
    67.4 33.8;
    73.2 26.5;
    84.1 31.6;
    91.6 42.9;
    99.3 36.1;
    105.9 40.8;
    116.4 35.5;
    118.2 47.2;
    120.0 55.9
];
end
